$GPGSV,4,2,13,09,39,058,33,11,59,262,31,13,12,246,16,16,02,034,*7F
$GPGSV,4,3,13,20,51,310,20,29,04,324,04,30,51,171,29,36,34,141,35*7F
$GPGSV,4,4,13,49,41,166,*42
$GLGSV,3,1,09,66,37,057,10,67,57,334,31,68,21,284,25,75,05,017,09*60
$GLGSV,3,2,09,76,35,066,29,77,32,125,,81,15,201,23,82,43,248,18*63
$GLGSV,3,3,09,83,37,309,*59
$GNGLL,4128.96459,N,00416.70901,W,113409.00,A,D*6A
$GNTXT,01,01,01,NMEA unknown msg*46
$GNTXT,01,01,01,NMEA unknown msg*46
$GNTXT,01,01,01,NMEA unknown msg*46
$GNTXT,01,01,01,NMEA unknown msg*46
$GNTXT,01,01,01,NMEA unknown msg*46
$GNTXT,01,01,01,NMEA unknown msg*46
$GNTXT,01,01,01,NMEA unknown msg*46
$GNTXT,01,01,01,NMEA unknown msg*46
$GNTXT,01,01,01,NMEA unknown msg*46
$GNTXT,01,01,01,NMEA unknown msg*46
$GNTXT,01,01,01,NMEA unknown msg*46
$GNRMC,113410.00,A,4128.96459,N,00416.70899,W,0.086,,151023,,,D*71
$GNVTG,,T,,M,0.086,N,0.160,K,D*31
$GNGGA,113410.00,4128.96459,N,00416.70899,W,2,12,0.93,868.6,M,50.2,M,,0000*5F
$GNGSA,A,3,07,09,04,06,11,20,30,05,,,,,1.70,0.93,1.43*1E
$GNGSA,A,3,66,82,81,67,76,68,,,,,,,1.70,0.93,1.43*1B
$GPGSV,4,1,13,04,09,063,29,05,18,304,28,06,46,196,33,07,64,110,33*73
$GPGSV,4,2,13,09,39,058,33,11,59,262,30,13,12,246,14,16,02,034,*7C
$GPGSV,4,3,13,20,51,310,22,29,04,324,08,30,51,171,28,36,34,141,35*70
$GPGSV,4,4,13,49,41,166,*42
$GLGSV,3,1,09,66,37,057,09,67,57,334,31,68,21,284,26,75,05,017,07*65
$GLGSV,3,2,09,76,35,066,29,77,32,125,,81,15,201,22,82,43,248,17*6D
$GLGSV,3,3,09,83,37,309,*59
