$GNGSA,A,3,86,74,85,75,84,,,,,,,,1.66,1.01,1.32*13
$GNGSA,A,3,86,74,85,75,84,,,,,,,,1.78,1.09,1.40*11
$GNGSA,A,3,86,74,85,75,84,,,,,,,,1.43,0.86,1.14*1E
$GNGSA,A,3,86,74,85,75,84,,,,,,,,1.85,1.23,1.38*14
$GNGSA,A,3,86,74,85,75,84,,,,,,,,1.85,1.23,1.38*14
$GNGSA,A,3,86,74,85,75,84,,,,,,,,1.85,1.23,1.38*14
$GNGSA,A,3,86,74,85,75,84,,,,,,,,1.36,0.79,1.11*19
$GNGSA,A,3,86,74,85,75,84,,,,,,,,2.75,1.62,2.22*15
$GNGSA,A,3,86,74,85,75,84,,,,,,,,3.18,2.18,2.32*10
$GNGSA,A,3,86,74,85,75,84,,,,,,,,2.75,1.62,2.22*15
$GNGSA,A,3,86,74,85,75,84,,,,,,,,2.75,1.62,2.22*15
$GNGSA,A,3,86,74,85,75,84,,,,,,,,3.18,2.18,2.32*10
$GNGSA,A,3,86,74,85,75,84,,,,,,,,2.75,1.62,2.22*15
$GNGSA,A,3,86,74,85,75,84,,,,,,,,2.75,1.62,2.22*15
$GNGSA,A,3,86,74,85,75,84,,,,,,,,1.80,1.19,1.35*15
$GNGSA,A,3,86,74,85,75,84,,,,,,,,1.80,1.19,1.35*15
$GNGSA,A,3,86,74,85,75,84,,,,,,,,1.80,1.19,1.35*15
$GNGSA,A,3,86,74,85,75,84,,,,,,,,1.78,1.18,1.34*12
$GNGSA,A,3,86,74,85,75,84,,,,,,,,1.66,1.07,1.27*11
$GNGSA,A,3,86,74,85,75,84,,,,,,,,2.17,1.69,1.36*1C
$GNGSA,A,3,86,74,85,75,84,,,,,,,,2.17,1.69,1.36*1C
$GNGSA,A,3,86,74,85,75,84,,,,,,,,2.69,2.21,1.52*18
$GNGSA,A,3,86,74,85,75,84,,,,,,,,2.69,2.21,1.52*18
$GNGSA,A,3,86,74,85,75,84,,,,,,,,2.69,2.21,1.52*18
$GNGSA,A,3,86,74,85,75,84,,,,,,,,2.69,2.21,1.52*18
$GNGSA,A,3,86,74,85,75,84,,,,,,,,2.69,2.21,1.52*18
$GNGSA,A,3,86,74,85,75,84,,,,,,,,2.69,2.21,1.52*18
$GNGSA,A,3,86,74,85,75,84,,,,,,,,2.69,2.21,1.52*18
$GNGSA,A,3,86,74,85,75,84,,,,,,,,1.96,1.36,1.42*1F
$GNGSA,A,3,86,74,85,75,84,,,,,,,,1.96,1.36,1.42*1F
$GNGSA,A,3,86,74,85,75,84,,,,,,,,1.96,1.36,1.42*1F
$GNGSA,A,3,86,74,85,75,84,,,,,,,,1.55,0.88,1.28*18
$GNGSA,A,3,86,74,85,75,84,,,,,,,,1.80,0.99,1.50*1F
$GNGSA,A,3,86,74,85,75,84,,,,,,,,1.55,0.88,1.28*18
$GNGSA,A,3,86,74,85,75,84,,,,,,,,1.96,1.35,1.41*1F
$GNGSA,A,3,86,74,85,75,84,,,,,,,,1.55,0.88,1.28*18
$GNGSA,A,3,86,74,85,75,84,,,,,,,,1.61,0.96,1.29*11
$GNGSA,A,3,86,74,85,75,84,,,,,,,,1.55,0.88,1.28*18
$GNGSA,A,3,86,74,85,75,84,,,,,,,,1.60,0.97,1.27*1F
$GNGSA,A,3,86,74,85,75,84,,,,,,,,1.50,0.92,1.18*15
$GNGSA,A,3,86,74,85,75,84,,,,,,,,1.47,0.88,1.18*18
$GNGSA,A,3,86,74,85,75,84,,,,,,,,1.38,0.83,1.10*13
$GNGSA,A,3,86,74,85,75,84,,,,,,,,1.66,1.06,1.28*1F
$GNGSA,A,3,86,74,85,75,84,,,,,,,,1.38,0.83,1.10*13
$GNGSA,A,3,86,74,85,75,84,,,,,,,,1.38,0.83,1.10*13
$GNGSA,A,3,86,74,85,75,84,,,,,,,,1.38,0.83,1.10*13
$GNGSA,A,3,86,74,85,75,84,,,,,,,,1.53,0.96,1.19*13
$GNGSA,A,3,86,74,85,75,84,,,,,,,,1.75,1.11,1.35*17
$GNGSA,A,3,86,74,85,75,84,,,,,,,,1.47,0.94,1.13*1E
$GNGSA,A,3,86,74,85,75,84,,,,,,,,1.53,0.96,1.19*13
$GNGSA,A,3,86,74,85,75,84,,,,,,,,1.66,1.04,1.29*1C
$GNGSA,A,3,86,74,85,75,84,,,,,,,,2.58,2.09,1.52*10
$GNGSA,A,3,86,74,85,75,84,,,,,,,,1.66,1.04,1.29*1C
$GNGSA,A,3,86,74,85,75,84,,,,,,,,1.66,1.04,1.29*1C
$GNGSA,A,3,86,74,85,75,84,,,,,,,,1.61,0.96,1.29*11
$GNGSA,A,3,86,74,85,75,84,,,,,,,,1.44,0.85,1.16*18
$GNGSA,A,3,86,74,85,75,84,,,,,,,,1.63,0.99,1.29*1C
$GNGSA,A,3,86,74,85,75,84,,,,,,,,1.44,0.85,1.16*18
$GNGSA,A,3,86,74,85,75,84,,,,,,,,1.66,1.04,1.29*1C
$GNGSA,A,3,86,74,85,75,84,,,,,,,,1.44,0.85,1.16*18
$GNGSA,A,3,86,74,85,75,84,,,,,,,,1.44,0.85,1.16*18
$GNGSA,A,3,86,74,85,75,84,,,,,,,,1.44,0.85,1.16*18
$GNGSA,A,3,86,74,85,75,84,,,,,,,,1.58,0.92,1.29*1F
$GNGSA,A,3,86,74,85,75,84,,,,,,,,1.44,0.85,1.16*18
$GNGSA,A,3,86,74,85,75,84,,,,,,,,1.50,0.94,1.17*1C
$GNGSA,A,3,86,74,85,75,84,,,,,,,,1.44,0.85,1.16*18
$GNGSA,A,3,86,74,85,75,84,,,,,,,,1.76,1.13,1.35*16
$GNGSA,A,3,86,74,85,75,84,,,,,,,,1.44,0.85,1.16*18
$GNGSA,A,3,86,74,85,75,84,,,,,,,,1.44,0.85,1.16*18
$GNGSA,A,3,86,74,85,75,84,,,,,,,,1.44,0.85,1.16*18
$GNGSA,A,3,86,74,85,75,84,,,,,,,,1.53,0.85,1.27*1C
$GNGSA,A,3,86,74,85,75,84,,,,,,,,1.63,0.99,1.29*1C
$GNGSA,A,3,86,74,85,75,84,,,,,,,,1.41,0.81,1.16*19
$GNGSA,A,3,86,74,85,75,84,,,,,,,,1.44,0.85,1.16*18
$GNGSA,A,3,86,74,85,75,84,,,,,,,,1.70,1.02,1.36*13
$GNGSA,A,3,86,74,85,75,84,,,,,,,,1.49,0.91,1.18*1E
$GNGSA,A,3,86,74,85,75,84,,,,,,,,1.44,0.91,1.12*19
$GNGSA,A,3,86,74,85,75,84,,,,,,,,1.47,0.94,1.13*1E
$GNGSA,A,3,86,74,85,75,84,,,,,,,,1.59,0.97,1.25*17
$GNGSA,A,3,86,74,85,75,84,,,,,,,,1.38,0.83,1.10*13
$GNGSA,A,3,86,74,85,75,84,,,,,,,,1.41,0.87,1.11*18
$GNGSA,A,3,86,74,85,75,84,,,,,,,,1.38,0.83,1.10*13
$GNGSA,A,3,86,74,85,75,84,,,,,,,,1.66,1.06,1.28*1F
$GNGSA,A,3,86,74,85,75,84,,,,,,,,1.55,1.00,1.19*1B
$GNGSA,A,3,86,74,85,75,84,,,,,,,,1.52,0.96,1.18*13
$GNGSA,A,3,86,74,85,75,84,,,,,,,,1.52,0.96,1.18*13
$GNGSA,A,3,86,74,85,75,84,,,,,,,,1.52,0.96,1.18*13
$GNGSA,A,3,86,74,85,75,84,,,,,,,,1.85,1.27,1.35*1D
$GNGSA,A,3,86,74,85,75,84,,,,,,,,1.52,0.96,1.18*13
$GNGSA,A,3,86,74,85,75,84,,,,,,,,1.52,0.96,1.18*13
$GNGSA,A,3,86,74,85,75,84,,,,,,,,1.52,0.96,1.18*13
$GNGSA,A,3,86,74,85,75,84,,,,,,,,1.52,0.96,1.18*13
$GNGSA,A,3,86,74,85,75,84,,,,,,,,1.52,0.96,1.18*13
$GNGSA,A,3,86,74,85,75,84,,,,,,,,1.85,1.27,1.35*1D
$GNGSA,A,3,86,74,85,75,84,,,,,,,,1.55,1.00,1.19*1B
$GNGSA,A,3,86,74,85,75,84,,,,,,,,1.55,1.00,1.19*1B
$GNGSA,A,3,86,74,85,75,84,,,,,,,,1.55,1.00,1.19*1B
$GNGSA,A,3,86,74,85,75,84,,,,,,,,1.55,1.00,1.19*1B
$GNGSA,A,3,86,74,85,75,84,,,,,,,,1.51,0.93,1.18*15
$GNGSA,A,3,86,74,85,75,84,,,,,,,,1.51,0.93,1.18*15
$GNGSA,A,3,86,74,85,75,84,,,,,,,,1.51,0.93,1.18*15
$GNGSA,A,3,86,74,85,75,84,,,,,,,,1.55,1.00,1.19*1B
$GNGSA,A,3,86,74,85,75,84,,,,,,,,1.51,0.93,1.18*15
$GNGSA,A,3,86,74,85,75,84,,,,,,,,1.51,0.93,1.18*15
$GNGSA,A,3,86,74,85,75,84,,,,,,,,1.55,1.00,1.19*1B
$GNGSA,A,3,86,74,85,75,84,,,,,,,,1.51,0.93,1.18*15
$GNGSA,A,3,86,74,85,75,84,,,,,,,,1.51,0.93,1.18*15
$GNGSA,A,3,86,74,85,75,84,,,,,,,,2.18,1.56,1.52*1D
$GNGSA,A,3,86,74,85,75,84,,,,,,,,1.75,1.10,1.37*14
$GNGSA,A,3,86,74,85,75,84,,,,,,,,1.84,1.18,1.41*13
$GNGSA,A,3,86,74,85,75,84,,,,,,,,2.57,2.07,1.52*11
$GNGSA,A,3,86,74,85,75,84,,,,,,,,1.84,1.18,1.41*13
$GNGSA,A,3,86,74,85,75,84,,,,,,,,1.84,1.18,1.41*13
$GNGSA,A,3,86,74,85,75,84,,,,,,,,1.84,1.18,1.41*13
$GNGSA,A,3,86,74,85,75,84,,,,,,,,2.18,1.56,1.52*1D
$GNGSA,A,3,86,74,85,75,84,,,,,,,,1.75,1.10,1.37*14
$GNGSA,A,3,86,74,85,75,84,,,,,,,,1.75,1.10,1.37*14
$GNGSA,A,3,86,74,85,75,84,,,,,,,,1.75,1.10,1.37*14
$GNGSA,A,3,86,74,85,75,84,,,,,,,,2.18,1.56,1.52*1D
$GNGSA,A,3,86,74,85,75,84,,,,,,,,2.18,1.56,1.52*1D
$GNGSA,A,3,86,74,85,75,84,,,,,,,,2.18,1.56,1.52*1D
$GNGSA,A,3,86,74,85,75,84,,,,,,,,2.18,1.56,1.52*1D
$GNGSA,A,3,86,74,85,75,84,,,,,,,,2.18,1.56,1.52*1D
$GNGSA,A,3,86,74,85,75,84,,,,,,,,2.18,1.56,1.52*1D
$GNGSA,A,3,86,74,85,75,84,,,,,,,,2.18,1.56,1.52*1D
$GNGSA,A,3,86,74,85,75,84,,,,,,,,1.95,1.24,1.50*1C
$GNGSA,A,3,86,74,85,75,84,,,,,,,,1.95,1.24,1.50*1C
$GNGSA,A,3,86,74,85,75,84,,,,,,,,1.95,1.24,1.50*1C
$GNGSA,A,3,86,74,85,75,84,,,,,,,,1.95,1.24,1.50*1C
$GNGSA,A,3,86,74,85,75,84,,,,,,,,2.18,1.56,1.52*1D
$GNGSA,A,3,86,74,85,75,84,,,,,,,,1.95,1.24,1.50*1C
$GNGSA,A,3,86,74,85,75,84,,,,,,,,1.95,1.24,1.50*1C
$GNGSA,A,3,86,74,85,75,84,,,,,,,,1.95,1.24,1.50*1C
$GNGSA,A,3,86,74,85,75,84,,,,,,,,2.18,1.56,1.52*1D
$GNGSA,A,3,86,74,85,75,84,,,,,,,,2.18,1.56,1.52*1D
$GNGSA,A,3,86,74,85,75,84,,,,,,,,2.18,1.56,1.52*1D
$GNGSA,A,3,86,74,85,75,84,,,,,,,,2.56,2.06,1.52*11
$GNGSA,A,3,86,74,85,75,84,,,,,,,,2.18,1.56,1.52*1D
$GNGSA,A,3,86,74,85,75,,,,,,,,,1.76,1.12,1.35*1B
$GNGSA,A,3,86,74,85,75,,,,,,,,,1.95,1.35,1.41*10
$GNGSA,A,3,86,74,85,75,,,,,,,,,1.76,1.12,1.35*1B
$GNGSA,A,3,86,74,85,75,,,,,,,,,1.76,1.12,1.35*1B
$GNGSA,A,3,86,74,85,75,,,,,,,,,1.95,1.35,1.41*10
$GNGSA,A,3,86,74,85,75,,,,,,,,,1.76,1.12,1.35*1B
$GNGSA,A,3,86,74,85,75,,,,,,,,,1.76,1.12,1.35*1B
$GNGSA,A,3,86,74,85,75,84,,,,,,,,1.95,1.35,1.41*1C
$GNGSA,A,3,86,74,85,75,84,,,,,,,,1.76,1.12,1.35*17
$GNGSA,A,3,86,74,85,75,84,,,,,,,,2.03,1.49,1.38*15
$GNGSA,A,3,86,74,85,75,84,,,,,,,,2.55,2.04,1.52*10
$GNGSA,A,3,86,74,85,75,84,,,,,,,,2.03,1.49,1.38*15
$GNGSA,A,3,86,74,85,75,84,,,,,,,,1.74,1.10,1.35*17
$GNGSA,A,3,86,74,85,75,84,,,,,,,,1.79,1.16,1.37*1E
$GNGSA,A,3,86,74,85,75,84,,,,,,,,1.52,0.87,1.24*1C
$GNGSA,A,3,86,74,85,75,84,,,,,,,,1.63,0.99,1.30*14
$GNGSA,A,3,86,74,85,75,84,,,,,,,,1.59,0.97,1.26*14
$GNGSA,A,3,86,74,85,75,,,,,,,,,1.52,0.87,1.24*10
$GNGSA,A,3,86,74,85,75,,,,,,,,,1.58,0.91,1.29*10
$GNGSA,A,3,86,74,85,75,,,,,,,,,1.58,0.91,1.29*10
$GNGSA,A,3,86,74,85,75,84,,,,,,,,1.94,1.23,1.50*1A
$GNGSA,A,3,86,74,85,75,84,,,,,,,,1.69,1.02,1.35*18
$GNGSA,A,3,86,74,85,75,,,,,,,,,1.58,0.91,1.29*10
$GNGSA,A,3,86,74,85,75,84,,,,,,,,1.38,0.82,1.11*13
$GNGSA,A,3,86,74,85,75,84,,,,,,,,1.38,0.82,1.11*13
$GNGSA,A,3,86,74,85,75,84,,,,,,,,1.62,0.96,1.31*1B
$GNGSA,A,3,86,74,85,75,84,,,,,,,,1.44,0.85,1.17*19
$GNGSA,A,3,86,74,85,75,84,,,,,,,,1.50,0.93,1.17*1B
$GNGSA,A,3,86,74,85,75,84,,,,,,,,1.62,0.96,1.31*1B
$GNGSA,A,3,86,74,85,75,84,,,,,,,,1.54,0.87,1.27*19
$GNGSA,A,3,86,74,85,75,84,,,,,,,,1.54,0.87,1.27*19
$GNGSA,A,3,86,74,85,75,84,,,,,,,,1.70,0.99,1.38*1E
$GNGSA,A,3,86,74,85,75,84,,,,,,,,1.54,0.87,1.27*19
$GNGSA,A,3,86,74,85,75,84,,,,,,,,1.54,0.87,1.27*19
$GNGSA,A,3,86,74,85,75,84,,,,,,,,1.70,0.99,1.38*1E
$GNGSA,A,3,86,74,85,75,84,,,,,,,,1.54,0.87,1.27*19
$GNGSA,A,3,86,74,85,75,84,,,,,,,,1.66,1.07,1.28*1E
$GNGSA,A,3,86,74,85,75,84,,,,,,,,1.65,1.06,1.26*12
